$ 1 0.000005 0.32112705431535615 50 5 43 5e-11
w 336 192 336 272 0
r 336 272 144 272 0 10000
w 144 272 144 208 0
r 144 272 144 352 0 10000
w 144 352 80 352 0
r 80 352 80 272 0 22000
r 80 272 0 272 0 100
r 80 272 80 176 0 100
w 80 176 144 176 0
174 -48 240 0 304 1 10000 0.005 Resistance
R -48 240 -112 240 0 1 4000 1 0 0 0.5
g -48 304 -48 336 0 0
g 80 352 80 384 0 0
g 432 544 432 576 0 0
g 304 496 304 528 0 0
R 304 432 240 432 0 1 2000 1 0 0 0.5
174 304 432 352 496 1 100000 0.005 Resistance
w 432 368 496 368 0
r 432 464 432 368 0 100
r 432 464 352 464 0 100
r 432 544 432 464 0 15000
w 496 544 432 544 0
r 496 464 496 544 0 10000
w 496 464 496 400 0
r 688 464 496 464 0 20000
w 688 384 688 464 0
a 496 384 688 384 9 15 -15 1000000 -0.4609686106368262 -0.4609824396951453 100000
w 336 192 720 192 0
w 688 384 720 384 0
174 720 192 768 256 1 10000 0.005 Resistance
174 720 384 768 448 1 10000 0.005 Resistance
g 720 256 720 288 0 0
g 720 448 720 480 0 0
a 144 192 336 192 9 15 -15 1000000 0.834409807020662 0.8344264952168025 100000
a 832 208 1024 208 9 15 -15 1000000 0.0000028306744655327184 0 100000
w 832 272 832 416 0
g 832 192 800 192 0 0
w 1024 208 1024 272 0
r 1024 272 832 272 0 10000
w 832 272 832 224 0
209 1024 208 1088 208 0 0.00001 -0.01340364519351489 0.001 1
r 1088 208 1152 208 0 1000
r 1152 208 1152 352 0 1000
174 1216 208 1264 272 1 100000 0.005 Resistance
w 1152 208 1216 208 0
g 1152 352 1152 384 0 0
w 1152 352 1216 352 0
w 1216 272 1216 352 0
w 1264 240 1328 240 0
403 384 240 528 320 0 27_4_0_4098_5_0.000390625_-1_2_27_3
403 608 528 800 624 0 28_4_0_4098_10_0.00078125_-1_4_28_3_15_0_15_3
r 832 224 768 224 0 10000
r 832 416 768 416 0 10000
o 48 2 0 4099 10 0.00009765625 0 2 48 3
