$ 1 0.0000026041666666666666 382.76258214399064 50 5 43 5e-11
r 304 368 448 368 0 10000
r 304 464 448 464 0 10000
r 304 560 448 560 0 10000
w 448 560 512 560 0
w 512 560 512 464 0
w 512 464 512 368 0
w 512 368 640 368 0
w 448 368 512 368 0
w 448 464 512 464 0
174 128 400 176 352 1 10000 0.9950000000000001 Resistance
174 192 496 240 448 1 10000 0.9950000000000001 Resistance
174 256 592 304 544 1 10000 0.005 Resistance
w 128 336 -96 336 0
w -96 336 -96 688 0
w 192 432 -32 432 0
w -32 432 -32 688 0
w 256 528 32 528 0
w 32 528 32 688 0
w 128 400 128 688 0
w 192 496 192 688 0
w 256 592 256 688 0
w 128 688 192 688 0
w 192 688 256 688 0
w 256 688 528 688 0
g 528 688 528 736 0 0
w 176 368 304 368 0
w 240 464 304 464 0
211 640 368 720 368 0 10 48000 1
411 -96 688 -96 944 0 1 40 5 0 0 0.5 5 0 1
411 -32 688 -32 784 0 1 40 5 0 0 0.5 5 0 2
