$ 1 0.0000026041666666666666 382.76258214399064 50 5 50 5e-11
w 976 672 1088 672 0
g 1088 672 1088 720 0 0
c 848 576 976 576 0 1.0000000000000001e-7 5.55967634597488e-10 0.001
r 976 576 976 672 0 53079
r 976 576 1088 576 0 1769285
c 1088 576 1088 672 0 1e-9 -8.278746154538239e-10 0.001
w 1088 576 1200 576 0
411 848 576 720 576 0 1 40 5 0 0 0.5 5 0 2
w 848 576 848 464 0
w 848 464 1360 464 0
a 1200 592 1360 592 9 15 -15 1000000 -8.276807600004837e-10 -8.278746154538239e-10 100000
w 1360 592 1360 672 0
r 1360 672 1200 672 0 10000
w 1200 672 1200 608 0
174 1136 672 1184 624 1 10000 0.0446 Resistance
w 1088 672 1136 672 0
w 1184 640 1200 608 0
r 1360 464 1456 464 0 10000
r 1360 592 1456 592 0 10000
w 1456 592 1488 592 0
w 1488 592 1488 464 0
w 1456 464 1488 464 0
a 1568 480 1728 480 9 15 -15 1000000 -1.9384963785088813e-13 0 100000
w 1488 592 1568 592 0
w 1568 592 1568 496 0
w 1568 464 1536 464 0
g 1536 464 1536 512 0 0
w 1728 480 1728 592 0
r 1728 592 1568 592 0 10000
211 1728 480 1824 480 0 10 48000 1
o 6 64 0 4098 0.01953125 0.0001953125 0 2 6 3
